Webots Project File version 8.5
perspectives: 000000ff00000000fd00000003000000000000024b000003f1fc0100000001fb0000001a0044006f00630075006d0065006e0074006100740069006f006e0000000000ffffffff0000005a00ffffff00000001000002e00000031efc0200000001fb0000001400540065007800740045006400690074006f007200000000190000031e0000003e00ffffff000000030000073f000000cdfc0100000001fb0000000e0043006f006e0073006f006c006501000000000000073f0000005a00ffffff0000073f0000031e00000001000000020000000100000008fc00000000
simulationViewPerspectives: 000000ff000000010000000200000130000001750100000006010000000100
sceneTreePerspectives: 000000ff0000000100000002000000c00000009b0100000006010000000200
minimizedPerspectives: 
maximizedDockId: -1
centralWidgetVisible: 1
orthographicViewHeight: 1
textFiles: 0 "controllers/my_controller_supervisor/my_controller_supervisor.py"
documentationBook: 
documentationPage: 
renderingDevicePerspectives: 310;0;0.37;0.706717;1.2588
renderingDevicePerspectives: 311;0;0.333333;0;0
